[2501759, 
2449827, 
2464737, 
2475996, 
2478441, 
2472943, 
2431759, 
2436653, 
2476681, 
2447322, 
2483520, 
2474602, 
2577966, 
2514029, 
2501113, 
2487601, 
2450336, 
2509452, 
2491394, 
2443525, 
2437927, 
2486387, 
2768875, 
2489942, 
2476936, 
2445135, 
2659412, 
2498549, 
2475435, 
2471987, 
3038249, 
2431753, 
2469672, 
2446182, 
4043885, 
2450284, 
2462248, 
2706035, 
2474185, 
2470017, 
2432964, 
2781825, 
2927072, 
2696180, 
2482501, 
2464226, 
2449146, 
2472523, 
2474461, 
2468466, 
2434787, 
2710805, 
2453655, 
2457136, 
2654381, 
2500999, 
2555163, 
3038586, 
2535504, 
2438284, 
2439212, 
2512816, 
2524291, 
2497803, 
2563121, 
2472084, 
2474177, 
2476642, 
2472046, 
2406865, 
2473967, 
2449343, 
2704909, 
2468663, 
2781004, 
2785111, 
2790520, 
2428114, 
2531976, 
2484810, 
2479950, 
2449082, 
2456891, 
2450295, 
2471039, 
2529371, 
2467813, 
2517609, 
2604281, 
2509818, 
2546243, 
2778005, 
2443912, 
2464667, 
2479168, 
2516529, 
2497694, 
2582914, 
2523176, 
2481125, 
2458031, 
2734074, 
2750365, 
2477444, 
2512501, 
2497835, 
2646681, 
2484579, 
2438958, 
2768029, 
2446392, 
2513268, 
2480007, 
2503683, 
2481776, 
2479063, 
2574744, 
2748172, 
2488654, 
2435676, 
2504137, 
2463145, 
2458088, 
2495418, 
2495705, 
2483857, 
2450773, 
2483193, 
2436270, 
2420888, 
2464952, 
2457336, 
2491270, 
2449832, 
2473484, 
2516143, 
2473687, 
2450607, 
2474452, 
2521497, 
2399362, 
2509656, 
2515931, 
2484840, 
2721125, 
2779872, 
2497187, 
2420805, 
2463350, 
2520025, 
2593187, 
2546303, 
2501306, 
2475928, 
2605686, 
2533022, 
2473016, 
2477935, 
2669786, 
2594725, 
2740391, 
2479625, 
2495674, 
2679064, 
2540612, 
2580002, 
2484427, 
2570158, 
2544403, 
2531643, 
2537909, 
2578268, 
2507629, 
2547229, 
2726513, 
2495053, 
2543686, 
2522964, 
2645601, 
2492418, 
2533192, 
2514756, 
2477473, 
2479308, 
2502132, 
2737622, 
2529988, 
2487394, 
2684296, 
2526062, 
2552520, 
2540970, 
2516703, 
2540030, 
2532459, 
2713946, 
2586583, 
2472253, 
2524931, 
2568710, 
62677907, 
2578873, 
2564683, 
2596182, 
2909786, 
2605040, 
2658069, 
2625633, 
2940848, 
2699258, 
2671566, 
2730380, 
2719682, 
2722809, 
2867470, 
3088389, 
2686678, 
2691372, 
2792528, 
2771309, 
2687407, 
2826442, 
2761098, 
2824145, 
2860196, 
2944433, 
2824443, 
3187390, 
2804459, 
3215510, 
3173462, 
2837489, 
2898816, 
2846317, 
2808607, 
2832810, 
2911336, 
3214060, 
3135268, 
2865573, 
3142463, 
2842534, 
2857580, 
2940207, 
2875093, 
2866046, 
2906229, 
2935644, 
2805885, 
2887793, 
2937203, 
2943089, 
2868104, 
2885923, 
3135225, 
2859404, 
2875393, 
2948627, 
2833716, 
3229678, 
2870921, 
2877502, 
3322185, 
2962839, 
2946054, 
2874011, 
2897588, 
3025142, 
3149930, 
2914230, 
2830433, 
2888503, 
2871225, 
2932986, 
2847153, 
2889396, 
2836978, 
2861903, 
2905139, 
2884650, 
2857401, 
3142082, 
2867934, 
3095129, 
2849140, 
2884790, 
2933815, 
2886159, 
2847988, 
2954053, 
2916045, 
2819778, 
2844426, 
2890046, 
3070435, 
2862741, 
2881013, 
2867122, 
3116709, 
2908530, 
3336461, 
2897061, 
3261252, 
3121257, 
2923659, 
2893908, 
2853448, 
2888696, 
2877536, 
3648137, 
2934298, 
2850891, 
2859265, 
2883155, 
2910996, 
2915012, 
2866474, 
3062584, 
2890226, 
3104725, 
2828851, 
2891081, 
2851423, 
3457344, 
2914116, 
2900136, 
2890706, 
2911479, 
2907374, 
2865940, 
2923732, 
2833836, 
3239905, 
2868727, 
2911136, 
2940279, 
3098679, 
2890476, 
2934053, 
2938693, 
2900759, 
2943091, 
2892786, 
2901272, 
2856620, 
2911690, 
2840842, 
2880165, 
2917763, 
2949560, 
2928798, 
2859629, 
2838092, 
2840854, 
2909123, 
2866265, 
2871364, 
2855726, 
2870468, 
2831643, 
2888753, 
3068667, 
2883044, 
2889530, 
2916326, 
2947048, 
3053720, 
2863097, 
3008237, 
2887916, 
2904151, 
2900783, 
3391149, 
2896380, 
2904631, 
2909307, 
2828172, 
2903301, 
2868363, 
2849890, 
2918041, 
2876979, 
2869490, 
2918511, 
3245727, 
2873160, 
2845429, 
2888077, 
2860389, 
4600291, 
2894384, 
2891914, 
2826868, 
2955443, 
3093708, 
2941927, 
2917629, 
2957783, 
2964203, 
2896936, 
2920284, 
2964695, 
2966200, 
3003017, 
2895957, 
4518465, 
2947180, 
3299568, 
2848335, 
2877072, 
2972909, 
2947322, 
2927945, 
2950168, 
2907646, 
5198765, 
2933186, 
2921977, 
2937647, 
2929677]


