[2846510, 
2954678, 
2521659, 
3014047, 
2832660, 
3372946, 
2532229, 
2884113, 
2903313, 
2929948, 
2878173, 
2450975, 
2495739, 
2974213, 
3416975, 
2821758, 
2710771, 
3334780, 
2741871, 
3142386, 
2808316, 
2862438, 
2912411, 
3334321, 
3464995, 
2707700, 
2601279, 
2891121, 
2505098, 
2709859, 
2509832, 
3098648, 
2582251, 
2871152, 
2873705, 
2968698, 
2528783, 
2968000, 
2512381, 
2518236, 
2611741, 
2879182, 
2514711, 
2791372, 
2874088, 
2885516, 
2922487, 
3517238, 
2465501, 
2791988, 
2577872, 
2600468, 
2795279, 
2688248, 
2473588, 
2780299, 
2572128, 
2752674, 
2607884, 
2850760, 
2492225, 
2974055, 
3097321, 
2867993, 
2527528, 
2512122, 
2791500, 
2727933, 
2530398, 
3114152, 
2641524, 
2568391, 
2718442, 
2504615, 
3321171, 
3071203, 
2775446, 
2840653, 
2611426, 
2517199, 
2919284, 
2911889, 
2800675, 
2613498, 
2514524, 
3212879, 
2784938, 
2471119, 
2924698, 
2600192, 
2743317, 
3287906, 
2790481, 
2999933, 
2528219, 
2565962, 
2704534, 
3064694, 
2483056, 
3397281]

Total Time Elapsed: 280596676
